   6.2944737e+00   3.6743114e+00
   8.1158387e+00  -7.3583409e+00
  -7.4602637e+00   4.4544908e+00
   8.2675171e+00  -7.7929304e+00
   2.6471849e+00  -7.6501430e+00
  -8.0491919e+00   2.8143585e+00
  -4.4300356e+00  -3.4237157e+00
   9.3763038e-01   3.0762405e+00
   9.1501367e+00   4.9826293e+00
   9.2977707e+00   1.6637146e+00
  -6.8477384e+00   4.8006466e+00
   9.4118556e+00  -5.3034617e+00
   9.1433390e+00   4.6991508e+00
  -2.9248703e-01   9.4119705e+00
   6.0056094e+00   7.3386058e+00
  -7.1622732e+00  -8.2753094e+00
  -1.5647743e+00  -2.6712677e+00
   8.3147105e+00  -2.6160239e+00
   5.8441466e+00   3.7005695e+00
   9.1898485e+00   1.9588327e+00
   3.1148140e+00   5.7872789e+00
  -9.2857664e+00  -2.6469416e+00
   6.9825861e+00  -5.8794428e+00
   8.6798650e+00  -8.2666691e+00
   3.5747031e+00   5.4386783e+00
   5.1548026e+00  -5.8865096e+00
   4.8626494e+00  -2.2345674e+00
  -2.1554596e+00   1.0355706e+00
   3.1095578e+00  -5.4209350e+00
  -6.5762662e+00   2.8388124e+00
   4.1209218e+00  -3.1039255e-01
  -9.3633431e+00  -6.9630895e+00
  -4.4615403e+00   5.6386393e+00
  -9.0765722e+00  -7.9878736e+00
  -8.0573644e+00  -4.1186733e+00
   6.4691566e+00  -5.2525396e+00
   3.8965725e+00   6.1744514e-01
  -3.6580104e+00  -8.1700254e+00
   9.0044410e+00  -1.8936916e+00
  -9.3110784e+00  -7.9030751e+00
  -1.2251128e+00  -7.7543208e+00
  -2.3688309e+00   5.6885578e+00
   5.3103358e+00  -4.1685936e+00
   5.9039980e+00   2.0706688e+00
  -6.2625479e+00   9.2884533e+00
  -2.0471208e-01  -1.3503001e+00
  -1.0882760e+00   3.8950439e+00
   2.9262602e+00   5.1619855e+00
   4.1872966e+00  -1.3471535e+00
   5.0937336e+00   3.1099608e+00
  -4.4794985e+00  -7.8048990e+00
   3.5940535e+00   8.6751970e+00
   3.1019601e+00  -6.2507839e+00
  -6.7477653e+00  -4.6764232e+00
  -7.6200464e+00   5.9566052e+00
  -3.2718960e-02  -2.4792449e-01
   9.1948792e+00   5.3791653e+00
  -3.1922855e+00  -2.0798651e+00
   1.7053550e+00  -4.5412241e+00
  -5.5237612e+00  -9.2553073e+00
   5.0253412e+00   3.4658983e+00
  -4.8980977e+00  -1.4087108e+00
   1.1914103e-01  -9.6521530e-01
   3.9815345e+00   2.1971434e+00
   7.8180651e+00  -8.8119341e+00
   9.1858285e+00  -3.6837712e+00
   9.4431060e-01   5.4544426e+00
  -7.2275111e+00   3.9286598e+00
  -7.0141199e+00  -7.4933564e+00
  -4.8498349e+00  -7.3969710e+00
   6.8143451e+00  -8.1529532e+00
  -4.9143564e+00  -9.8435941e+00
   6.2856965e+00  -1.5378123e+00
  -5.1295006e+00   3.1114635e+00
   8.5852725e+00   4.4584505e+00
  -3.0003247e+00   6.2418587e-01
  -6.0680950e+00  -7.8236412e+00
  -4.9783228e+00   2.6353275e+00
   2.3208935e+00  -7.4700027e+00
  -5.3422302e-01  -7.3139339e+00
  -2.9668099e+00  -8.0281181e+00
   6.6165726e+00  -7.1594550e+00
   1.7052818e+00  -6.6349740e+00
   9.9447217e-01  -6.0750216e+00
   8.3438733e+00  -3.6504045e+00
  -4.2832196e+00  -3.6714200e+00
   5.1440046e+00  -5.6487338e+00
   5.0745819e+00  -4.9791631e+00
  -2.3910831e+00   7.8584481e+00
   1.3564328e+00   4.0644645e+00
  -8.4829142e+00   1.1147589e+00
  -8.9209976e+00  -6.3113266e+00
   6.1595106e-01  -5.7593831e+00
   5.5833446e+00  -8.4530638e+00
   8.6802137e+00   8.2760082e+00
  -7.4018758e+00   4.1343044e+00
   1.3764732e+00   1.1557793e+00
  -6.1218718e-01  -3.7314202e+00
  -9.7619586e+00  -6.6759287e+00
  -3.2575471e+00   2.4499452e+00
  -6.7563538e+00   9.7586947e+00
   5.8856908e+00  -6.5913595e+00
  -3.7756992e+00  -4.8441550e+00
   5.7066271e-01  -2.0640136e+00
  -6.6870254e+00  -8.5201046e+00
   2.0396388e+00   3.6819213e+00
  -4.7405743e+00  -1.9522333e+00
   3.0815820e+00   9.6567040e+00
   3.7842901e+00  -1.9563203e+00
   4.9630319e+00   2.4134389e+00
  -9.8916803e-01  -6.9126039e+00
  -8.3235724e+00  -2.3730959e+00
  -5.4204606e+00  -6.7773206e+00
   8.2667472e+00   5.1622486e+00
  -6.9524396e+00   7.4222224e+00
   6.5163395e+00  -2.9844651e+00
   7.6684871e-01   3.7107142e+00
   9.9226943e+00  -4.1170273e+00
  -8.4364894e+00   6.1258608e-01
  -1.1464346e+00   6.6484677e+00
  -7.8669446e+00   1.9498038e+00
   9.2379616e+00  -3.2937734e+00
  -9.9073155e+00  -4.0154995e+00
   5.4982093e+00  -9.4814917e-01
   6.3460644e+00  -1.5470869e+00
   7.3738941e+00  -2.8078736e+00
  -8.3112831e+00   1.1663840e+00
  -2.0043470e+00   4.8509073e+00
  -4.8025919e+00  -1.5133043e+00
   6.0013696e+00  -1.4128842e+00
  -1.3717235e+00  -7.5025448e+00
   8.2129519e+00  -9.5113197e+00
  -6.3630594e+00  -4.1962947e+00
  -4.7239417e+00  -3.6495883e+00
  -7.0892204e+00   3.0738027e+00
  -7.2786288e+00   9.1387185e+00
   7.3858442e+00   8.7146175e+00
   1.5940917e+00  -8.4227332e-01
   9.9720404e-01  -5.1904321e+00
  -7.1009040e+00   5.2779589e+00
   7.0606224e+00   5.1865477e+00
   2.4411026e+00   4.8129613e+00
  -2.9809524e+00   4.8737668e+00
   2.6499080e-01  -7.8815917e+00
  -1.9638393e+00   3.6312086e+00
  -8.4806662e+00  -7.3478843e-01
  -5.2016769e+00  -5.7567359e+00
  -7.5336213e+00  -8.0296252e+00
  -6.3218442e+00   6.4714895e+00
  -5.2009495e+00  -6.4998053e+00
  -1.6546586e+00  -6.7286018e+00
  -9.0069114e+00   3.3197443e+00
   8.0543222e+00   7.8877875e+00
   8.8957438e+00   3.3116417e-01
  -1.8271815e-01   4.0540461e+00
  -2.1494723e-01  -6.9281925e+00
  -3.2456118e+00   9.0691414e+00
   8.0010769e+00   8.1768162e-01
  -2.6150644e+00   3.5946780e+00
  -7.7759449e+00  -9.2687396e+00
   5.6050414e+00   6.1840770e+00
  -2.2052233e+00   4.9723774e+00
  -5.1661743e+00  -7.5962596e+00
  -1.9217571e+00   5.0090330e-01
  -8.0709095e+00  -3.4833274e+00
  -7.3605341e+00   9.2898880e-01
   8.8410118e+00  -2.0223850e+00
   9.1226908e+00  -1.6981323e+00
   1.5041719e+00  -6.3852448e+00
  -8.8044091e+00  -4.8922652e+00
  -5.3044017e+00  -9.5892845e+00
  -2.9368286e+00   8.4735123e+00
   6.4238808e+00   3.0739978e+00
  -9.6919312e+00   8.6522714e+00
  -9.1395240e+00  -6.7297526e+00
  -6.6201994e+00   8.4219451e+00
   2.9823095e+00   5.8931577e+00
   4.6344477e+00   1.5478839e+00
   2.9549193e+00  -1.1992881e+00
  -9.8152587e-01  -4.8477253e+00
   9.4017785e-01   5.0389279e+00
  -4.0735839e+00  -5.4266104e+00
   4.8938561e+00  -8.7162583e+00
  -6.2208997e+00   5.3465902e+00
   3.7355087e+00   3.4240437e+00
  -6.3297769e+00   4.3042503e+00
  -2.6303081e+00   2.8412166e+00
   2.5123712e+00  -1.6190341e+00
   5.6045487e+00  -2.1847584e+00
  -8.3774846e+00   6.3228021e+00
   8.5877194e+00  -3.6514427e+00
   5.5142536e+00   6.2907955e+00
  -2.6416735e-01   5.7814703e+00
  -1.2828282e+00   7.0452778e+00
  -1.0643250e+00   1.1273235e-01
  -3.8730106e+00   2.7132278e+00
   1.7017311e-01   9.0178883e+00
   2.1543128e-01  -1.1207169e+00
   6.3525542e+00  -8.7996236e+00
   5.8966283e+00   7.3349979e+00
   2.8863626e+00   2.6237747e+00
  -2.4278123e+00  -2.8985270e+00
   6.2316092e+00   9.9400654e+00
   6.5651178e-01  -5.5165700e+00
  -2.9854579e+00   3.0490215e+00
   8.7800312e+00   2.0998128e+00
   7.5188562e+00  -2.2550914e+00
   1.0031269e+00  -7.1562568e+00
   2.4495017e+00  -9.4973003e+00
   1.7408941e+00  -1.5777549e+00
  -5.8451541e+00  -6.3179942e+00
  -3.9750734e+00   4.5155053e+00
  -5.8153303e-01  -2.5927463e+00
  -5.3902368e+00   6.8312017e+00
   6.8861759e+00   4.6845938e+00
  -6.1047142e+00   1.4205175e+00
  -5.4815644e+00  -6.4628988e+00
  -6.5858391e+00   9.1476805e+00
  -5.4467140e+00  -4.6935593e+00
  -1.2860263e+00   8.4916179e+00
  -3.7779543e+00  -5.5245919e+00
   8.4675928e+00  -2.5287238e+00
  -1.3958522e+00  -8.2499930e+00
  -6.3036736e+00   2.8023310e+00
   8.0976194e+00  -6.3876622e+00
   9.5949676e+00  -9.0989779e+00
  -1.2226005e+00   4.4634696e+00
  -7.7776155e+00  -3.0512471e+00
  -4.8387061e+00   3.2123365e+00
  -1.8256031e+00  -2.3226280e+00
   1.8979215e+00   2.5469300e+00
  -4.7557650e+00  -9.5670037e+00
   2.0568618e+00   8.2113998e+00
   4.2243156e+00   6.0111731e+00
  -5.5650653e+00   4.9169497e+00
  -7.6516470e+00   6.2622563e+00
  -4.0664825e+00  -2.3338736e+00
  -3.6244340e+00   2.3455846e+00
  -1.5166648e+00   1.5098972e+00
   1.5716569e-01   6.0103410e-01
  -8.2896841e+00  -4.4986049e+00
  -4.7503553e+00  -5.0274208e+00
   6.0202925e+00  -9.6722459e-01
  -9.4155944e+00  -5.4457435e+00
   8.5770828e+00   6.0889917e+00
   4.6066173e+00   9.7220848e+00
  -2.2782052e-01  -9.4001610e+00
   1.5705012e+00   7.1328381e-01
  -5.2543284e+00  -8.2584556e+00
  -8.2302344e-01   6.0418288e+00
   9.2617708e+00   9.7828982e+00
   9.3611437e-01  -8.6610748e+00
   4.2271662e-01   8.7879672e+00
  -5.3681123e+00  -9.6364493e+00
  -2.2204512e-01   3.6767723e+00
   2.4812018e+00   5.6747296e+00
   3.5827108e+00   6.8275136e-01
  -2.0896957e+00   7.7071890e+00
  -2.6512670e+00   7.9800980e+00
   9.7596401e+00   2.5187525e+00
  -9.2452227e+00  -7.2426202e+00
   7.7033602e+00  -5.6439681e+00
   8.2657366e+00  -6.3571785e+00
   5.9236775e+00  -9.1636027e+00
  -8.0257544e+00  -7.8611668e+00
  -4.7625763e+00   2.3288697e+00
  -3.2928632e+00   8.7932202e+00
   3.5945590e+00  -2.9108854e+00
  -7.2689373e+00  -1.7874182e+00
   4.4245500e+00   9.6869883e+00
  -7.8647628e+00   8.9115838e+00
   3.0751470e+00   3.5328936e+00
  -1.1652127e-01   9.7660452e+00
   5.5810345e+00   5.3366277e+00
   4.3007416e+00  -3.2660147e+00
   8.0744112e+00   3.2476372e+00
   7.8184501e+00  -5.1166943e+00
  -3.3167389e+00  -4.0898550e+00
   3.9749166e+00   3.6035674e+00
  -6.0438035e+00   5.5693661e-01
  -9.3891811e+00  -1.7681297e+00
   4.8814852e+00   2.0527644e+00
   4.4871180e-04   5.0104011e+00
  -4.0155718e-01   1.6706635e+00
   8.0944448e+00   1.0358503e+00
   2.1973330e+00   1.6714124e+00
   2.3533278e+00   2.3639840e-01
   7.1888461e+00  -8.3481455e+00
   6.1097885e+00   4.3914027e+00
   1.5344303e+00   9.9231222e+00
  -6.3415506e+00  -2.9093139e+00
  -5.2013598e+00   9.4251763e+00
   7.7302387e+00  -3.0710248e+00
  -9.4265170e+00   7.7308772e+00
  -2.0197223e-01  -9.0610270e-01
  -6.6414571e+00  -1.7314542e+00
   9.5736130e+00  -5.6453586e+00
   4.2538894e+00  -7.4869083e+00
   9.4324831e-03  -3.8217081e+00
  -5.7823251e-01   4.5220886e+00
  -8.8076226e+00   5.6574415e+00
   3.6394381e+00   3.8757523e+00
  -9.1513772e+00  -9.8039550e+00
  -8.5710907e+00   6.8642668e+00
   4.3299685e-01   8.4466400e+00
  -8.0653995e+00   5.4190844e+00
   6.3629711e+00  -9.1468029e+00
   6.3509418e+00  -2.4362773e+00
   4.4487918e+00   4.0867925e+00
  -7.0026912e+00   4.5902609e+00
   3.1921051e+00  -5.5144586e+00
   3.7189885e-01  -4.6189054e+00
   9.4594911e+00   3.4606233e+00
   2.9798299e+00  -4.5015605e-01
   6.0066115e+00   2.4743283e+00
  -9.2404583e-01  -5.2711013e+00
  -1.3521699e+00  -6.4575249e+00
   6.5062759e+00   6.5928677e+00
  -8.3306037e+00   5.3384334e+00
  -7.3365798e+00   8.6895655e+00
  -6.5322277e+00  -7.8422219e+00
  -2.1812440e+00  -6.3554499e+00
   6.6275949e+00  -8.0180944e+00
   6.0672878e+00  -2.0472396e-01
  -8.7905764e+00  -6.1350934e+00
  -2.0148446e+00   7.9178315e+00
   5.3751661e-01  -8.0182070e+00
  -1.6640106e+00  -9.1166886e+00
   3.1371978e+00   1.1459031e+00
   2.5594672e+00   5.4499013e+00
  -4.1603184e+00  -3.7611989e+00
  -1.3669766e+00  -6.4203504e+00
  -9.6902575e+00  -3.2208864e+00
   9.6812745e+00  -5.7970873e+00
  -6.6566318e+00   2.0305040e-01
  -7.8756731e+00   8.1272865e+00
  -2.5518052e+00   2.5784788e+00
  -6.0376319e+00  -7.9693222e+00
  -2.0624724e-01  -2.1829049e+00
  -3.2101317e+00  -8.9076677e+00
   9.0326093e+00   2.5658264e-02
   8.4066408e+00  -1.3655766e+00
  -8.9464600e+00   9.9512070e+00
   4.7571619e+00   6.2320516e+00
  -4.6176115e+00  -2.8696660e-01
  -1.5432877e+00   7.8889551e+00
   9.5741802e-01  -7.2490681e+00
   8.8547397e+00  -2.1999017e+00
  -1.6451179e+00   8.5471245e+00
   9.6610493e+00   8.3498766e+00
  -3.9709010e+00   4.2714802e+00
   4.0219751e+00   2.3667477e+00
   3.3267770e+00  -3.1342422e+00
   7.8252930e-01   8.7205465e+00
   3.9621104e+00  -7.5045192e+00
   3.3305583e+00   4.6117072e+00
  -6.4373509e+00   2.9295486e+00
  -7.4397120e+00   6.6630397e+00
   9.9816079e+00  -2.0343554e+00
  -6.5775787e+00   4.9964442e+00
  -9.3479836e+00   6.7044102e+00
   1.2239959e+00  -3.5507921e+00
   7.6373300e+00   1.0452323e+00
   3.3835061e+00   9.5825826e+00
  -6.1913347e+00   9.8617066e-01
  -2.6216691e+00  -3.3915278e+00
  -7.8548125e-01   2.3894311e+00
   9.6327590e+00  -2.7872686e+00
  -6.8719010e+00   5.1301909e+00
   7.1104561e+00  -1.7219850e+00
   2.8952907e+00  -1.5309791e-01
  -2.4745558e+00   3.8948647e+00
  -6.1815261e+00   9.4546777e+00
  -1.4349401e+00  -3.4449008e+00
  -3.5955878e-01   6.7560637e+00
  -7.5877677e+00   4.7814445e+00
   1.7901497e+00   9.0834891e+00
  -5.4762464e+00  -9.3615474e+00
  -2.3076175e+00  -2.8626203e+00
   1.6597277e+00   3.2530767e+00
  -4.9638776e+00  -4.3699688e+00
  -4.1911867e+00  -5.3923387e+00
   2.3418177e+00   4.2225710e+00
  -4.6943818e+00   2.4914583e+00
   6.4875253e+00   1.8121731e+00
   9.6532680e+00   3.2087593e+00
   4.6049758e+00  -9.0489065e+00
  -3.1224599e+00  -3.0243038e+00
   1.6813867e+00  -9.7318839e-01
  -7.8446197e+00  -5.1819001e+00
   8.1261630e+00   4.3009003e+00
   7.5930745e+00   7.1236458e+00
   6.3552112e+00  -4.3698461e+00
  -4.7854400e+00   4.6210166e+00
   1.8871250e+00  -7.2447421e+00
  -9.5497481e+00   6.7344556e+00
  -1.4948136e+00  -7.2279657e+00
  -3.7456223e+00   1.7641877e+00
  -6.7703051e+00  -2.6768640e+00
  -6.4246763e+00   6.1351909e+00
  -1.5422862e+00   7.5615716e-02
  -8.1154132e+00  -2.0811323e-01
   1.9704734e+00   7.5409745e+00
  -5.8151487e-01  -2.9371637e+00
   3.9189863e+00  -1.0111289e+00
   3.9977570e+00   9.2706057e+00
   2.7706152e+00  -9.1540440e+00
  -9.3279233e+00   9.4591667e+00
  -8.6238780e+00  -6.2158631e+00
  -3.6080053e+00   3.3424060e+00
   6.1728561e-01   1.7287923e+00
   3.0889142e+00   3.5022483e+00
  -1.8476161e+00  -2.7795590e+00
   6.3996245e+00   2.4055685e+00
   4.3671789e+00   6.2230177e+00
   9.3729866e+00  -9.6148505e+00
   6.2667813e-01  -8.3225298e+00
  -3.4970864e+00   9.4960333e+00
  -7.8874159e+00   3.0269906e+00
   2.2191732e+00  -5.3752437e+00
   5.5760448e+00  -1.9301771e+00
  -1.5309416e+00  -7.5595896e+00
  -8.1835343e+00  -4.6312236e+00
  -4.6705702e+00  -4.8430766e+00
  -6.9268656e+00  -3.3666952e+00
  -4.3798939e+00  -6.9553197e+00
  -1.1982972e+00  -3.0398468e+00
   5.4285484e-01  -7.5668309e+00
  -8.5151269e-01   7.6830612e+00
   7.5074320e+00  -8.1144322e+00
   3.6104217e-01   8.6008125e+00
   8.8724525e+00  -2.0196006e+00
   2.7541820e+00  -9.0519708e+00
   9.1538788e+00  -3.1525299e+00
  -5.1858593e+00   4.7193232e+00
   3.5224461e+00   5.8936431e+00
  -4.2187086e+00   8.9811796e-01
   3.4361633e+00   3.7244693e+00
   3.9028100e+00   7.8726539e+00
  -8.6401446e+00  -8.9041642e+00
  -4.9041969e+00  -3.9267724e+00
  -5.5191994e+00  -9.0761689e+00
   3.3566545e+00  -6.0904647e+00
   6.8878431e+00   4.4033161e+00
  -3.1107518e+00   4.4350655e+00
   5.6103931e+00   7.5559814e+00
   3.5066413e+00   1.6486593e+00
  -9.8656937e+00  -8.5863133e+00
   2.0434098e+00   8.4548914e+00
  -2.2645761e+00   6.0074418e+00
   8.3198249e+00  -4.2810629e+00
  -9.9769789e+00   8.7326466e-01
  -7.5101682e-01   9.6955247e+00
  -1.5130192e+00   4.3135613e+00
  -7.8167268e-01   6.7793919e+00
   5.4031946e+00  -1.3347888e+00
  -3.5505639e+00  -5.8750569e-01
   5.6947859e+00   1.2142682e+00
  -5.7285693e-01  -4.6181691e+00
  -9.2847453e+00   4.9803694e+00
  -6.4825117e+00   7.7755469e-02
   4.4351607e+00   2.9361933e+00
  -5.3028014e-01  -3.8450884e+00
  -6.9455760e+00  -7.2255073e+00
  -3.1775079e+00  -4.8854132e-01
   2.1477843e+00  -2.7508144e+00
  -6.1650949e+00   5.7622686e+00
   4.7685368e+00   5.6059164e+00
  -5.1430080e+00   3.3702443e+00
   8.3484868e+00  -7.3299228e+00
  -4.6187683e+00  -9.5688823e+00
   5.3100003e+00   1.1968141e+00
  -6.2267605e+00  -3.9836196e+00
  -4.2500365e+00   8.7881943e+00
  -8.1777307e+00   9.6180727e+00
   1.5241876e+00  -4.2675922e+00
   3.6672649e+00   6.0164057e+00
   9.3186229e-01   7.9222270e+00
  -1.4854232e+00   1.9505315e+00
   2.8888556e+00   7.6803347e+00
   2.9523526e+00   8.8746308e+00
   3.5803351e+00   9.8316175e-01
   2.7157342e+00   4.5677365e+00
   8.9034823e+00   1.5351660e+00
  -5.8213016e+00  -9.4828506e+00
   4.1856341e+00  -1.0693804e+00
  -5.2753885e+00   2.9260391e+00
  -7.6120750e+00   4.2405905e-01
   2.1460788e+00  -2.5537468e+00
  -9.9724606e-01   8.7426933e+00
  -8.2549013e-01   6.5906565e+00
   3.2388950e+00   6.9817096e+00
   5.4057103e+00  -2.5493152e+00
  -2.9956397e+00   1.8636915e+00
   3.2401920e+00   7.4510513e+00
  -1.6768282e+00   8.6700322e+00
   6.8385831e+00   3.3692855e+00
   6.6583364e+00  -5.8644708e+00
  -4.8711802e+00   3.0770118e+00
   2.2692147e+00  -8.5589690e+00
   1.6449833e+00  -1.8654617e+00
   8.1478674e-01   3.3386307e+00
   7.3988206e+00   8.6745132e+00
  -4.7044195e+00   6.2190006e+00
  -3.6385185e+00  -3.0903456e-01
  -7.6157092e+00   5.1349842e+00
   8.7965894e+00  -1.6590509e+00
   2.9110375e+00   9.4357199e+00
  -4.1073550e-01   9.7594940e+00
   2.7863392e+00   7.2829506e+00
   8.9432221e-01  -2.2223245e+00
   2.9462296e+00  -9.0516344e-01
   8.7771868e-01  -5.0662560e+00
   4.4209324e+00   5.6884619e+00
   4.4990612e-01   7.6567521e+00
   9.8740925e+00   8.2742336e+00
  -5.6264674e+00   1.1656985e+00
  -7.8840345e+00   1.9773621e+00
  -7.8060507e+00  -7.0224656e+00
  -8.7281726e+00   7.9942697e+00
  -1.9084001e+00  -9.9212839e-01
  -1.0325418e+00  -5.8865532e+00
  -2.6836765e+00   7.9930198e+00
   5.2700928e+00   5.2517108e+00
   2.5579276e+00   7.6497261e+00
   5.4396077e+00  -4.3009956e+00
   8.6570714e+00   3.4645197e+00
   9.4548171e+00   3.2855981e+00
  -6.1594330e+00  -7.5437001e+00
  -7.2225159e+00  -1.8536315e+00
   3.9253267e+00  -4.4942610e+00
  -8.1235995e+00   4.3333948e+00
   5.0808808e-01  -4.3323124e+00
   6.0688437e-01   7.9239771e+00
   7.2227962e+00   6.5315778e+00
  -3.0293333e-01  -2.1994697e+00
  -2.1308728e+00  -4.1941141e-02
   3.4286228e+00   3.8961039e+00
   4.8251589e+00   6.6873800e+00
   4.0104935e-01   2.1925938e+00
  -3.0457466e+00   1.4947432e+00
  -7.0000549e+00  -3.4791566e+00
   1.7218413e+00  -8.7150798e-01
  -4.7570936e+00   4.2759117e+00
  -9.1109182e+00   7.6881009e+00
   5.0986653e+00   4.4171134e+00
  -5.1442928e+00  -9.6277445e+00
  -1.1519537e+00   3.4955293e+00
   3.7559217e+00  -1.2298235e+00
  -2.8154358e+00  -1.2435964e+00
   4.7268015e+00  -7.6592636e+00
  -2.1058505e+00   6.2936338e+00
   3.6683173e+00  -3.5028912e+00
   4.0809486e+00  -5.0754377e+00
  -1.1538917e+00  -3.1457356e+00
  -9.6084475e+00  -2.4861572e+00
  -3.3828424e+00   9.3107586e-01
  -1.5138101e+00   1.2384031e+00
  -4.5945915e+00  -2.0835554e+00
  -6.0589240e+00  -2.0373824e+00
   6.4344237e+00   3.0734438e-01
  -1.4015718e+00   3.1506108e+00
   7.7554191e+00   9.0183040e+00
  -2.1763401e+00   4.4469703e+00
   5.3822877e+00  -1.9984051e+00
  -2.0641697e+00   6.6374268e+00
   6.1702819e+00  -7.3132332e+00
   5.1015420e+00  -8.7906646e+00
  -2.4520891e+00  -8.3150590e+00
  -5.6796217e+00  -6.7220336e+00
   5.8081444e+00  -3.5156016e+00
   8.9860782e+00  -3.9654645e+00
  -3.4486913e+00  -9.7663802e+00
   3.4252874e+00   7.9810188e-01
  -1.2271003e+00  -8.0925461e+00
   6.6700119e+00  -7.0697029e+00
   5.3770850e+00   2.6228241e+00
  -6.6549291e+00   7.1864082e+00
   7.2396096e+00   9.4844326e+00
   9.7974431e+00   1.4167685e+00
   2.8846913e-01   9.9370043e+00
   7.6856205e+00   1.0708315e+00
   1.7605211e+00   3.0916910e-01
  -6.9049530e+00  -3.3863587e+00
  -6.0027435e+00  -1.3999640e+00
  -1.8609033e+00  -1.6387493e-01
   4.9741144e+00  -8.5792583e+00
   6.5116763e+00   7.7547843e+00
   5.7992606e+00  -8.7073282e+00
  -3.6295151e+00  -1.2763009e+00
   6.8128255e-01   6.5325901e+00
  -8.2009864e+00  -2.1093063e+00
  -7.7658851e+00   2.2694976e+00
  -7.2741490e+00   6.3728147e+00
   3.5730461e+00   7.7247008e+00
  -9.6459618e-02   8.6222325e+00
  -6.2057919e+00  -6.1843070e+00
  -9.9883500e-02  -4.8283550e+00
  -7.0478356e+00   7.9573137e+00
  -8.9005171e+00   1.8672372e+00
   7.0142535e+00   7.6801637e-02
   1.2111905e+00   2.2561918e+00
   8.5921773e+00   6.3884448e+00
   3.9333440e+00   6.3778339e-01
   1.6558193e+00  -5.9584981e+00
   6.3079442e+00  -9.2213069e-01
   7.5802781e+00  -1.4417816e+00
   9.7782323e+00   9.3210550e+00
  -9.9895525e+00   2.4011011e+00
   7.3087718e+00   3.9077990e+00
   2.2513294e+00   4.4032922e+00
   9.7990041e+00  -3.0620962e+00
   5.5360139e-01   3.3980841e-01
  -4.0953230e-01   1.1338926e+00
   6.0269521e+00  -6.8700956e+00
  -5.4431413e+00   1.2411209e+00
  -3.8114176e-02   3.8960658e+00
   8.0170498e+00  -1.4708893e+00
   1.4932244e+00   6.7254084e+00
   6.9035637e+00   4.6277413e+00
   4.7728058e+00  -2.7993792e+00
   1.7197407e+00  -9.1575256e-01
  -5.0653095e+00  -2.2722020e+00
   3.3283243e+00   5.5110928e+00
  -8.3303437e+00   4.6854221e+00
   2.5191957e+00  -1.3944431e+00
   3.2188912e+00   3.8750515e+00
   4.5950371e+00   8.9042697e+00
   7.8150423e+00   5.6846520e+00
   9.6460645e+00   4.1114372e+00
   5.3805817e+00  -7.8133152e+00
   1.6289298e+00  -2.2013869e+00
   8.5662612e+00   1.8180946e+00
   1.6018073e+00  -8.1239904e-01
  -9.6603412e+00  -8.9932003e+00
  -7.5828086e+00  -5.4262483e+00
   7.2542144e+00   6.6837812e+00
  -3.1406978e-01  -9.6871061e+00
   6.8971135e+00   7.2742173e+00
  -5.8118983e+00  -8.4386189e+00
   1.0458268e+00   3.3808518e+00
   2.5976677e+00   4.2264856e-03
  -9.3601797e+00  -5.6401240e+00
   2.2942684e+00   1.4323145e+00
  -2.7517708e+00  -7.5562170e+00
  -9.0093484e+00   3.4233247e+00
  -2.0860022e-01   1.9917110e+00
  -6.1497921e+00  -8.8804769e+00
  -7.5383250e+00  -8.8731396e+00
  -5.8901166e+00  -6.9499873e+00
  -7.0697018e+00  -9.6075787e+00
  -6.2185565e+00  -1.2964891e+00
  -9.1469518e+00   6.6444295e+00
   2.7039583e+00   2.3478034e+00
  -4.3626629e+00   4.0258831e-01
   7.7193356e-01   7.2773645e+00
   3.9032608e+00  -8.0460416e+00
  -1.7679730e-02   8.1610441e+00
   7.1602112e-01  -7.8396661e+00
  -1.0963367e+00   3.3993516e-01
  -7.5213544e+00  -7.1368796e+00
  -1.9285413e-01   1.1874114e+00
   7.0599631e+00  -9.9084075e+00
   7.4785481e+00   5.3336400e+00
  -4.5941134e+00   6.9741845e+00
  -5.8307728e+00   8.3364254e+00
   1.2995914e+00   9.7393655e+00
   2.8062365e+00   1.0266204e-01
  -1.6594210e+00  -4.5715675e+00
  -5.8804897e+00  -7.9849898e+00
   8.9586624e+00   1.5697662e-01
  -8.3585759e+00   1.7121825e+00
  -7.8858115e+00   5.2577419e+00
  -7.1591776e+00  -8.3407470e+00
  -6.6707912e+00   3.2319239e+00
   2.4191729e+00   3.3958029e-01
   1.4741953e+00  -6.5790396e+00
  -8.9584422e+00   8.7711573e+00
   8.6240277e+00   1.8096635e+00
   4.5732336e+00  -1.1873064e+00
   4.7568331e+00   8.8383786e+00
  -8.7319100e+00   3.1182764e+00
   7.2088113e+00  -9.6108581e-01
   8.6881024e+00   6.7939484e+00
   9.6879662e+00   6.5247005e-01
   7.1787763e+00   1.0777413e+00
   5.7111798e+00   3.6013106e+00
   2.6754837e-01  -2.6562019e+00
  -6.4479508e+00  -5.2141879e+00
  -2.0282101e+00   1.5784698e+00
  -7.3213750e+00   7.3377411e+00
  -9.3822090e+00  -1.8644648e+00
   8.7828341e+00  -7.7476972e+00
  -3.9738787e+00  -1.1230833e+00
  -4.0893233e+00  -3.9963120e+00
  -3.3412744e+00  -1.9722629e+00
  -6.5863626e-01   6.6672713e+00
   2.9639681e+00  -1.9274267e+00
  -9.4954364e+00  -2.1964812e+00
   6.8441322e+00  -2.7910221e+00
   1.1806509e+00  -7.1948928e+00
   7.0819990e+00  -4.7973961e+00
  -3.0424161e+00  -8.2636980e+00
  -1.0794670e+00  -1.4120533e+00
  -8.9152103e+00  -4.8543443e+00
  -6.4578493e+00  -4.0488923e+00
   3.2561612e+00  -1.5028318e+00
  -3.3834201e+00  -7.6158548e+00
   7.9697228e+00  -9.8661524e-02
  -7.6368960e+00   4.1281446e+00
   9.7683586e+00  -5.1285325e+00
   7.9964198e-01   5.7014016e+00
   4.1383484e+00  -8.5182085e+00
   9.9898324e+00  -2.1223315e+00
  -4.2430131e+00  -9.9321175e+00
  -1.7095492e+00  -5.5864622e+00
  -7.0320117e-01  -9.9739886e+00
   5.2791416e+00  -6.2164066e+00
   6.3640808e+00  -7.1503189e+00
  -7.9955692e+00  -4.6384800e+00
  -6.4376609e+00  -6.5021587e+00
  -2.8073017e+00  -7.2270206e+00
  -8.8659062e+00   1.9777122e+00
   4.3771347e-01   8.0211581e+00
  -3.2830205e+00   8.7875953e+00
  -6.4866194e+00  -5.5763109e+00
  -5.8210665e+00  -3.4657249e-01
   8.1030712e+00  -2.4797777e+00
   3.5078235e+00   4.7560074e-01
  -6.3063600e-01  -4.7025481e+00
   8.2426495e+00  -8.6328556e+00
  -7.9197685e+00  -1.2734585e+00
   4.9109215e+00  -6.5229393e+00
   4.7253491e+00  -9.4778578e+00
   1.2372285e+00   9.0935655e+00
  -6.3161180e+00  -1.3880696e+00
   1.9442270e+00   9.2311715e+00
  -4.0012602e+00   5.2482897e+00
  -7.3175413e+00  -9.8530268e+00
  -5.7479693e+00   3.6007728e+00
   7.8988335e+00   4.1190151e+00
  -8.5709437e+00   2.9025757e+00
  -5.1502688e+00   1.0461969e+00
  -8.9249122e+00  -5.6378254e+00
  -1.1655589e+00   5.4473243e+00
  -9.7343360e+00  -5.4394335e+00
   7.9438270e+00  -2.5827056e+00
  -6.0668362e+00   7.8185764e+00
  -8.1325897e+00   7.1275382e+00
  -3.8526620e+00  -1.9513290e+00
  -8.7884666e-01  -3.6396177e+00
  -7.9666121e+00   2.1727086e+00
   9.9077946e+00   8.2039045e+00
  -3.3581433e+00   8.1819638e+00
  -4.0530637e+00   1.8318882e+00
  -8.7590956e+00  -3.3485719e+00
  -4.0351206e+00   7.0612726e+00
  -9.0729747e+00  -1.1520421e+00
   1.0856285e-01   8.0871096e+00
   5.2285177e+00  -9.3364119e+00
   2.6214000e+00   6.4852965e-01
  -8.2021670e+00   4.3299469e+00
  -8.3827515e+00  -6.4139631e+00
   5.5448107e+00  -3.2693415e+00
   8.1026949e+00  -6.2457410e+00
   6.7543904e-01  -3.5614563e+00
  -7.8169158e+00  -1.9228658e+00
   6.5161772e+00   9.7132600e-01
  -3.2380456e+00  -9.0252281e+00
  -4.1205389e+00   1.0546427e+00
   4.9262686e+00  -4.5037719e+00
  -9.7932676e+00  -5.1699652e+00
  -9.0310532e+00  -5.1370964e+00
   3.3583224e+00  -6.9168110e+00
   2.0693597e+00   9.1283272e+00
   5.2204932e-01   8.7132275e+00
   4.5941890e+00   6.3742887e+00
   4.1450697e+00   4.5652370e+00
   5.6275410e+00  -6.4837654e+00
  -4.2404605e+00  -2.7925805e+00
   3.8506397e+00  -6.2242005e+00
   1.1333967e+00  -9.9760321e+00
  -2.0695841e+00  -3.6716097e+00
  -8.7681867e+00   3.9923397e+00
   5.6035106e+00   2.5051036e+00
  -3.2483227e+00   8.6124351e-01
   2.1573181e+00  -1.2192559e+00
   4.8250810e+00  -4.2514547e+00
  -7.9037352e+00   3.3182135e-02
  -7.4422324e+00   5.2309237e+00
   9.9080214e-01   5.2481610e+00
  -2.9541183e-01   1.5211180e+00
   7.8095136e+00   4.9532568e+00
   5.9792056e+00   2.9106901e+00
   4.6868217e+00  -7.5356096e+00
  -8.9733623e+00   8.7957202e-02
  -8.5422940e+00  -3.0547737e+00
  -8.2294508e+00  -8.1570463e+00
   5.9670173e+00  -7.0430106e+00
   8.8601628e+00  -6.0366060e+00