  -2.2715440e+00  -7.3313646e+00
  -1.3713325e+00  -1.0842200e+00
   6.6177297e+00   1.7574462e-01
   6.4929364e+00   6.0980582e-01
  -9.4002775e-01   7.1943409e+00
  -2.3887966e+00   3.5544982e+00
   8.5173709e+00   6.1167652e+00
   4.8168725e+00   6.2485739e-01
   4.7526615e+00   9.1179168e+00
   8.9383200e+00  -8.6664611e+00
   2.0199411e-01   8.3036055e-01
   5.8375837e+00  -4.3667931e+00
  -9.5652995e-01  -3.8199327e-01
   6.9839742e+00   3.6972756e+00
  -2.1913834e+00  -5.8348322e+00
   4.7675302e+00   2.1632198e+00
   9.5287711e+00  -3.4764766e+00
   4.6598116e-01   7.6169440e+00
  -1.4016940e+00  -7.3321077e+00
  -5.8568383e+00  -7.9518442e+00
  -3.5319724e+00   9.1823381e+00
  -7.7825956e+00  -6.9419600e+00
  -2.4957989e+00  -6.9492384e+00
  -3.4019204e+00  -6.8889482e+00
  -3.1578966e+00  -8.2086119e+00
   6.3423770e+00  -9.1150877e-01
   6.3370628e-01   3.3779139e+00
   4.2244097e-01   6.6260336e+00
   5.4861942e+00   5.8047027e+00
  -7.5947446e+00   4.2542184e+00
   2.5090030e+00  -5.4804990e-01
  -3.0670263e+00   4.1717630e+00
  -3.3076123e+00   9.1611896e+00
   1.4923313e+00   1.1551125e-01
   7.2787528e+00  -3.8989377e+00
  -6.0287386e+00   5.7962237e+00
   3.4490193e+00  -5.2722607e+00
   8.0366274e+00  -5.3139433e+00
  -6.0168564e+00  -7.0601203e-01
  -4.0343170e+00   2.3877360e+00
  -6.9594595e-02   2.3065880e+00
   7.7980846e+00  -7.5475220e+00
   2.8291797e-02  -7.5241294e+00
  -4.4600952e+00  -4.3108202e+00
   6.7916357e-01   4.7146561e+00
   1.4849911e+00  -1.7738379e+00
  -1.7439120e+00   6.5796379e+00
  -9.7047267e+00   8.7022823e+00
   4.0552961e+00  -2.0186668e+00
   1.3494303e-01  -8.9557724e+00
  -2.3746780e+00   1.4237220e+00
  -8.7013693e+00   4.9533995e+00
  -2.8284008e+00  -3.5951288e+00
  -5.3149751e+00  -1.4131363e-01
  -5.9299189e+00  -5.5669449e+00
   6.2755917e+00   8.7854749e+00
  -2.1313081e+00  -3.5389421e-01
  -8.9284966e+00   7.9992174e-01
  -2.4989684e+00  -5.5788580e+00
   5.4998835e+00  -8.0811000e+00
  -6.6940476e+00  -8.7966917e+00
   8.2443779e+00   6.3901775e+00
  -3.6158844e+00   5.4295661e+00
  -3.4044066e+00  -6.0860854e+00
  -5.9152866e+00   7.9023631e+00
   5.3442947e+00   3.6860029e+00
  -8.6005370e+00   3.1369296e+00
   9.0006790e+00   9.8076240e+00
  -6.8358043e+00  -9.3261641e+00
  -4.2710827e+00  -1.5149346e+00
   3.7425823e+00  -2.0032654e-01
  -7.1770035e+00   1.6700894e+00
   2.4173301e-01  -8.3346050e+00
   4.4265385e+00   3.2030926e+00
   8.5769027e+00  -8.9538956e+00
   4.6420770e+00   1.1366107e+00
   4.9969604e+00   4.2405050e+00
  -1.8536079e+00  -2.4178749e-01
  -5.2101661e+00   2.3520129e+00
   4.1700950e-01  -5.7244485e+00
  -5.6184528e+00   2.9131732e+00
   6.8477581e+00  -2.3871542e+00
   3.2586582e+00  -7.9257432e+00
   6.3247057e+00  -2.4497696e+00
   5.8775520e+00  -4.7427838e+00
  -6.1789593e-01  -5.1742877e+00
  -3.8095004e+00   2.4584810e+00
   3.7515850e+00   4.5855524e-01
   9.7370445e+00  -1.7352451e+00
   5.3986775e+00  -5.6441593e+00
   6.5916169e+00   7.1710723e+00
   4.1216953e+00   7.2201651e+00
   1.9067284e+00  -4.3212198e+00
   5.0574824e+00   2.3078570e+00
  -6.5555923e-02   5.5897900e+00
   7.3026531e+00   9.0969462e+00
  -8.6394461e+00   8.3920649e+00
   9.3709188e+00  -2.3036859e+00
  -8.0248738e+00  -6.7471397e+00
   9.3954173e-01   5.9350284e+00
  -1.9406018e+00  -7.7236564e+00
  -7.8591969e+00  -6.8235140e+00
   4.4833234e+00  -2.8834377e+00
   2.2736470e+00   6.9551713e+00
   5.6593639e+00   1.6556239e+00
   1.3324116e+00   1.7235533e+00
   6.2263832e+00   8.5167598e+00
   1.5355172e+00   1.5015654e+00
   8.8805839e+00  -9.8004521e+00
   7.4290430e+00   6.1875457e+00
   1.5204416e-01   2.1761672e+00
   5.7764633e+00  -4.0172639e-01
  -5.3938718e-01  -4.6311968e+00
   6.5760340e+00  -4.8380723e+00
  -3.5503682e+00  -3.7980928e-01
   9.5229307e+00  -5.4531703e+00
  -4.4357792e+00  -9.0279540e+00
  -8.5433839e+00  -6.6151637e+00
   5.0244721e+00  -4.8310738e+00
   6.6237724e+00  -6.0417988e+00
   8.4467619e+00   2.1138613e+00
  -3.4595141e+00   6.4740729e+00
   6.0813853e+00   6.2122993e+00
   7.6500667e-01   6.0447403e+00
  -7.3410242e-01   4.1622675e+00
   6.4150050e+00   7.1875571e+00
   9.0381301e+00   5.6216904e+00
  -8.4745422e+00  -5.9240630e+00
   4.1734213e+00   9.8668650e+00
  -5.3014711e+00  -8.1275094e+00
  -2.0220888e+00   3.0123709e+00
  -4.6375115e+00  -5.6964695e+00
   6.6502663e+00  -5.1225380e+00
   9.9074762e+00  -3.2062439e+00
   2.9950197e+00  -6.0427532e+00
   4.0790566e+00   1.3666753e-01
   8.6460640e+00   9.0151597e+00
   3.7530510e+00  -2.1078556e+00
   1.3670784e+00   1.6892968e+00
  -2.3830494e+00   2.1307449e+00
   2.6915897e+00   4.2928573e+00
  -2.7354276e+00  -1.9692729e+00
  -1.8476111e+00   7.1738204e+00
  -2.6260055e+00   8.4096996e+00
  -6.3202479e-01   5.0167778e+00
   6.8276866e-02  -4.2881659e+00
   8.2107156e+00   5.9363158e+00
  -5.8713796e+00  -7.1446834e+00
  -3.2279265e+00   9.1003812e-02
   1.4825124e+00   2.2137590e+00
  -2.6135121e-01   4.0759347e+00
  -4.7556203e+00  -2.3332014e+00
   1.5918693e+00   4.5736687e+00
   7.5665540e+00   7.7456936e+00
  -8.7809956e+00  -8.8830336e+00
  -1.1824706e+00  -7.2356731e+00
  -8.3148400e+00   7.2612996e+00
   1.2647523e+00  -1.5650703e+00
   7.8621161e-01  -1.7737165e+00
   5.3611580e+00   9.1828268e+00
  -5.3381946e+00   5.0049059e+00
   1.7472348e+00   9.6199423e+00
  -8.2052266e-01  -5.3296839e+00
   7.2196304e+00  -8.0754648e+00
   3.2167219e+00  -2.3083560e+00
  -2.9224167e+00   5.4510189e-03
  -3.0562740e+00   1.4051174e+00
  -4.9256380e+00   9.5326319e+00
   9.0505629e+00  -1.4289638e-01
  -4.0359802e+00  -1.9823427e+00
  -6.8318784e+00   9.8998052e+00
  -2.7740589e+00  -4.7800398e+00
   4.8325819e+00   3.3064942e+00
   4.1180002e+00   9.2851323e+00
   4.0178435e+00   3.4230207e+00
  -9.8754843e+00  -4.0165029e+00
  -2.5130880e+00   6.2253054e-01
   8.0299124e+00  -9.9707365e+00
  -3.6331034e+00   7.6757762e+00
   1.9416585e+00  -1.9123229e+00
  -4.0440964e+00  -3.9758883e+00
  -7.4997124e+00   9.0116318e+00
  -2.2328866e+00  -7.8703614e-01
   6.3537549e+00  -4.2470498e+00
   9.6235141e+00  -8.3074672e+00
   7.2397967e+00   1.6436267e+00
  -8.3235824e+00  -6.9386261e+00
  -3.2457602e+00  -8.5381139e+00
  -5.2774167e+00   1.6112955e+00
  -3.6438922e+00  -4.2597050e+00
   9.6889681e+00  -2.7615983e+00
   9.6501783e-01   4.4964939e+00
   4.9850252e+00   7.1662336e+00
   6.8370347e+00  -3.0416863e+00
  -6.6622059e+00   9.2349121e+00
   8.0619522e+00   9.0713810e+00
  -7.8975174e+00  -5.8792525e+00
   4.9018619e+00   5.3648972e+00
   4.5874388e+00   2.3106376e+00
   4.3493920e+00   8.3784497e+00